										
1	CITYBANK	23.7	24.2	22.7	23.7	23.2	0.5	3,787	362.7630	15,502,827
2	BRACBANK	68.8	71.3	65	68.8	64.9	3.9	2,646	302.9220	4,471,427
3	BATBC	321.8	331	318.4	321.8	328.6	-6.8	5,198	273.6660	841,930
4	BSC	103.3	107.2	102.7	103.3	107.2	-3.9	4,843	247.3570	2,365,589
5	SQURPHARMA	222.5	223.5	220	222.5	221.5	1	2,161	175.8080	790,394
6	IDLC	40.9	41.9	37.5	40.9	38.1	2.8	2,767	173.0060	4,329,440
7	KBPPWBIL	128.5	130.1	125.3	128.5	129.2	-0.7	2,649	157.4500	1,223,972
8	UTTARABANK	21.9	22	21.5	21.9	21.7	0.2	1,532	155.7610	7,157,789
9	JAMUNABANK	19.5	19.6	18.9	19.5	18.7	0.8	2,123	148.9330	7,712,527
10	BANKASIA	19	19	17.5	19	17.3	1.7	2,238	148.3850	7,978,264
11	EIL	36.9	36.9	33	36.9	33.6	3.3	4,583	139.0050	3,967,918
12	DHAKABANK	12.5	12.6	11.7	12.5	11.9	0.6	1,681	135.3700	11,104,346
13	ROBI	26.8	27.1	26.3	26.8	26.3	0.5	2,377	129.1480	4,822,674
14	ASIATICLAB	47.4	48.2	46.8	47.4	47.3	0.1	1,705	125.7020	2,651,105
15	EBL	26.1	26.5	25.7	26.1	26.2	-0.1	722	121.4060	4,643,003
16	LOVELLO	93.3	94.8	92.3	93.3	91.7	1.6	2,882	120.4850	1,285,130
17	BXPHARMA	105.9	109.5	105.1	105.9	108.8	-2.9	2,517	117.3870	1,098,830
18	ORIONINFU	337.3	348.9	332.6	337.3	345.5	-8.2	2,711	113.3200	332,933
19	LHB	56.6	57.8	56.4	56.6	56.8	-0.2	2,007	111.5700	1,954,590
20	RENATA	530.3	548	526.3	530.3	527.3	3	2,904	101.2610	189,473
21	MTB	13.5	13.5	12.1	13.5	12.3	1.2	1,473	95.4410	7,216,329
22	PRIMEBANK	29	29.3	28.4	29	29	0	567	90.8820	3,132,221
23	IPDC	18.9	19.3	18.2	18.9	18.4	0.5	2,141	90.2100	4,785,501
24	NAVANAPHAR	55	57.6	54.7	55	55.5	-0.5	2,565	87.0830	1,552,668
25	GP	321.1	323.3	319.8	321.1	323.3	-2.2	1,497	86.1700	268,454
26	CENTRALINS	41.3	43	39.1	41.3	39.1	2.2	1,609	76.0500	1,816,299
27	PADMAOIL	202.9	209	199.5	202.9	199.6	3.3	1,780	68.3060	334,048
28	ITC	39.6	40.8	38.6	39.6	40.4	-0.8	1,327	68.0410	1,713,296
29	SPCL	44	45.2	43.7	44	44.7	-0.7	1,414	65.1760	1,471,626
30	LANKABAFIN	17.3	17.4	16.9	17.3	17.1	0.2	1,189	64.4750	3,743,257
31	EASTRNLUB	2	2,934	2,750	2,776.8	2	-51.9	2,305	63.0480	22,228
32	RAHIMAFOOD	123.8	125.5	119	123.8	119.8	4	2,511	61.9030	502,492
33	LINDEBD	992.4	1,015	985.2	992.4	1	-22.3	2,189	61.7960	62,018
34	MIDLANDBNK	24.8	25.5	23.7	24.8	24.8	0	1,377	61.1690	2,437,051
35	SPCERAMICS	21.3	22.4	21.2	21.3	22	-0.7	1,866	59.1430	2,741,181
36	DOMINAGE	12.7	12.9	12.4	12.7	12.6	0.1	1,106	58.7210	4,656,903
37	SUNLIFEINS	59.7	60.9	56.5	59.7	57.2	2.5	1,536	58.4880	976,978
38	OLYMPIC	163.6	169	162.8	163.6	166.8	-3.2	1,611	57.3190	344,316
39	ISLAMIBANK	45.4	46.5	44.7	45.4	45	0.4	1,319	56.7510	1,238,875
40	SEAPEARL	52.9	53.9	52.8	52.9	53.5	-0.6	1,411	55.9220	1,051,871
41	PUBALIBANK	27.1	27.4	26.5	27.1	27.2	-0.1	521	53.5940	1,991,416
42	DGIC	25.5	25.7	23.6	25.5	24.6	0.9	2,168	53.3580	2,181,362
43	NTLTUBES	88.5	91.2	87.4	88.5	89.8	-1.3	1,592	52.4810	586,703
44	EHL	79	81.6	78.7	79	80.9	-1.9	1,404	50.0020	626,852
45	MJLBD	97.6	99.3	96.9	97.6	97.2	0.4	1,002	49.8970	508,591
46	AGNISYSL	26.4	26.8	26.2	26.4	26.6	-0.2	1,606	49.7530	1,875,828
47	GHAIL	13.9	14.3	13.2	13.9	13.5	0.4	1,146	49.1320	3,592,023
48	DBH	40.2	41.2	37.6	40.1	38.1	2.1	1,205	48.8370	1,230,583
49	BEACHHATCH	47.6	48.2	47.5	47.6	47.5	0.1	1,587	47.9020	1,003,482
50	JAMUNAOIL	190.7	194.4	187.1	190.7	189	1.7	1,365	47.8150	249,420
51	TILIL	47.7	47.7	43.7	47.7	43.4	4.3	1,302	46.8840	995,863
52	SEMLLECMF	10.5	10.5	9.7	10.5	9.8	0.7	810	46.7470	4,561,953
53	LEGACYFOOT	62.2	64.2	61.9	62.2	61.6	0.6	1,752	46.6060	738,398
54	POPULARLIF	49.1	49.3	47.9	49.1	48	1.1	1,156	45.7160	936,883
55	FINEFOODS	254	254.7	251.2	254	252.9	1.1	857	44.3020	174,879
56	TECHNODRUG	32.7	33.6	32.5	32.7	33.2	-0.5	1,132	43.7960	1,325,385
57	ACMELAB	79.8	81.9	79.1	79.8	79.7	0.1	1,116	43.2800	537,181
58	NRBBANK	11.1	11.3	11.1	11.1	11.1	0	602	42.4740	3,794,814
59	IFIC	6.5	6.6	6.3	6.5	6.4	0.1	763	41.6750	6,468,816
60	KAY&QUE	253.2	265	251	253.2	258.9	-5.7	1,394	41.5170	160,866
61	NCCBANK	12	12.1	11.2	12	11.4	0.6	868	40.0710	3,410,418
62	BPPL	15.1	15.7	15.1	15.1	15.5	-0.4	979	39.3310	2,572,221
63	CONFIDCEM	55.7	57.6	55.3	55.7	57	-1.3	1,270	38.9490	686,621
64	MPETROLEUM	211	215	210.2	211	211.6	-0.6	948	38.6710	181,312
65	ONEBANKPLC	8.4	8.5	8.2	8.4	8.3	0.1	546	38.3410	4,585,035
66	APEXSPINN	135	136.2	133.5	135	134.4	0.6	985	38.0850	282,555
67	MEGHNAINS	26.4	26.5	25	26.4	25	1.4	1,263	37.7980	1,448,334
68	AIL	47.2	48.4	47	47.2	48.1	-0.9	1,473	37.4550	784,694
69	1STPRIMFMF	24	24.9	23.7	24	24.3	-0.3	1,015	37.4330	1,541,814
70	CRYSTALINS	46.4	47.2	45.6	46.4	45.5	0.9	1,299	37.2270	797,826
71	SONALIPAPR	157.4	161.4	157.2	157.4	157.2	0.2	1,570	37.1980	233,973
72	MAGURAPLEX	90.4	93.2	90.1	90.4	90.2	0.2	1,572	36.9120	403,599
73	UNIONINS	36.4	37.7	35.6	36.4	35.9	0.5	1,212	36.5810	996,467
74	MERCANBANK	9.1	9.2	8.6	9.1	8.8	0.3	792	36.4240	4,048,258
75	MEGHNALIFE	52.5	52.7	51.1	52.5	51.1	1.4	1,090	35.3070	678,064
76	RECKITTBEN	3	3,560	3,457	3,497.9	3	-47.9	877	35.2490	10,061
77	PRIMEINSUR	38.3	38.5	35.1	38.3	35.1	3.2	707	34.7880	918,954
78	RUPALILIFE	84.7	86.3	82.2	84.7	82.9	1.8	1,295	33.9100	400,866
79	IBP	13.9	14.4	13.8	13.9	14.2	-0.3	987	33.4570	2,373,701
80	INTRACO	22.1	22.6	21.9	22.1	22.3	-0.2	913	33.2800	1,496,091
81	NATLIFEINS	103.7	105	100	103.7	99.8	3.9	1,312	33.1330	321,070
82	DUTCHBANGL	47.7	48.1	47.4	47.7	47.9	-0.2	766	32.7330	685,906
83	GLOBALINS	29.9	30.4	29.2	29.9	29.1	0.8	1,023	31.8190	1,065,248
84	FUWANGCER	13.6	14	13.6	13.6	13.9	-0.3	836	31.7660	2,312,742
85	MARICO	2	2,758.8	2,675	2,700.7	2	-15.3	500	31.6410	11,740
86	QUASEMIND	39.4	40.7	39.2	39.4	40.1	-0.7	846	31.5260	792,349
87	RDFOOD	24.3	24.8	24.1	24.3	24.7	-0.4	646	31.4860	1,289,126
88	BESTHLDNG	16.6	17.2	16.6	16.6	16.9	-0.3	1,235	30.7990	1,825,479
89	MONNOCERA	89.8	92	89.1	89.8	91.1	-1.3	1,003	30.4630	337,356
90	WALTONHIL	459.7	465.2	455.5	459.7	459.6	0.1	1,153	30.2600	66,035
91	PHARMAID	618.8	627.9	615	618.8	620.7	-1.9	1,064	30.2190	48,750
92	RUPALIBANK	22.8	23.1	22.5	22.8	23	-0.2	934	30.1000	1,324,044
93	MALEKSPIN	23.7	24.1	23.6	23.7	23.8	-0.1	679	29.2110	1,227,473
94	MONOSPOOL	104.1	108.8	103	104.1	105	-0.9	1,633	29.0500	274,575
95	ORIONPHARM	32.7	33.5	32.5	32.7	33.2	-0.5	833	28.6950	872,770
96	SANDHANINS	21.4	21.5	20.3	21.4	20.2	1.2	870	26.7240	1,269,456
97	SINOBANGLA	42.8	44	42.7	42.8	43.6	-0.8	718	26.4180	610,669
98	HAKKANIPUL	67.5	68.3	67	67.5	67	0.5	720	25.0700	370,735
99	MIRAKHTER	27.9	28.5	27.7	27.9	28	-0.1	552	25.0250	890,591
100	OIMEX	25.1	25.9	25	25.1	25.7	-0.6	679	25.0130	987,546
101	BSCPLC	134.1	139.1	133.7	134.1	138.6	-4.5	755	24.8180	183,175
102	FUWANGFOOD	15.7	16	15.6	15.7	15.9	-0.2	800	24.7680	1,569,808
103	CVOPRL	142	145	141.6	142	143.8	-1.8	891	24.4010	170,158
104	PIONEERINS	42.9	43.5	41.7	42.9	41.7	1.2	824	24.3460	569,515
105	DELTALIFE	73.2	74	71.5	73.2	71.2	2	1,118	24.3320	333,117
106	SHAHJABANK	18.6	18.7	17.9	18.6	18	0.6	400	24.2240	1,313,222
107	HEIDELBCEM	254.2	266.9	253	254.2	267.4	-13.2	914	24.0710	93,367
108	GQBALLPEN	227.1	229.7	214.2	227.1	213	14.1	1,132	24.0280	107,087
109	IBNSINA	311	318	310	311	316.2	-5.2	837	23.9860	76,500
110	EPGL	18.1	18.7	18.1	18.1	18.3	-0.2	862	23.8940	1,298,460
111	ACMEPL	14.9	15.1	14.7	14.9	15	-0.1	641	23.8310	1,601,280
112	DSHGARME	121.2	128.6	120.1	121.2	124.4	-3.2	1,288	23.8270	191,958
113	KARNAPHULI	28.2	28.5	27.6	28.1	27.4	0.8	791	23.8050	846,103
114	MONNOAGML	366.7	379.6	366.1	366.7	377.3	-10.6	1,105	23.6330	63,832
115	JHRML	52.2	53.8	51.9	52.2	53.3	-1.1	769	23.4070	443,675
116	SALAMCRST	21.4	22	21.3	21.4	21.8	-0.4	662	23.1510	1,074,764
117	INTECH	21.1	21.5	19.9	21.1	19.7	1.4	944	23.0070	1,089,275
118	NHFIL	26.9	27.7	26.6	26.8	26.8	0.1	652	22.9250	846,295
119	SAPORTL	23.8	24.2	23.6	23.8	23.7	0.1	455	22.8890	961,870
120	KDSALTD	41.6	42.4	41.5	41.6	41.9	-0.3	677	22.7520	544,147
121	GOLDENSON	12.2	12.5	12.2	12.2	12.4	-0.2	668	21.9700	1,787,167
122	STANDARINS	45.1	45.7	44.9	45.1	44.9	0.2	548	21.9250	483,275
123	GPHISPAT	19.3	19.6	19.2	19.3	19.4	-0.1	562	21.9180	1,133,733
124	DSSL	10.3	10.4	10.2	10.3	10.3	0	496	21.8540	2,123,253
125	RAKCERAMIC	23	24.4	22.9	23	23.9	-0.9	890	21.5860	928,210
126	UCB	10.7	10.8	10.6	10.7	10.7	0	357	21.0690	1,971,901
127	KOHINOOR	526.5	535.7	522	526.5	530.8	-4.3	898	21.0470	39,629
128	PTL	46.9	47.4	46	46.9	46.8	0.1	373	20.5600	439,689
129	ICB	50.8	51.6	49.9	50.8	50.3	0.5	831	20.5180	402,949
130	TRUSTBANK	20.4	20.4	20	20.4	20.2	0.2	439	20.4180	1,008,061
131	TITASGAS	21.8	22.4	21.1	21.7	21.4	0.4	772	20.2370	926,537
132	ACIFORMULA	141.3	145.2	138.4	141.3	139.7	1.6	854	20.1680	141,978
133	UNITEDFIN	13.5	14	13.1	13.5	13.4	0.1	629	19.8610	1,471,028
134	SONALIANSH	183.4	188.5	182	183.4	185.2	-1.8	918	19.6990	106,539
135	NPOLYMER	31.1	31.8	30.9	31.1	31.5	-0.4	580	19.6830	628,643
136	SIPLC	49.5	50	48	49.5	48.2	1.3	745	19.5620	398,885
137	SBACBANK	8.4	8.5	8.1	8.4	8.3	0.1	412	19.2610	2,306,196
138	BEACONPHAR	118	122	117.2	118	121	-3	685	19.1150	160,840
139	UPGDCL	136.3	139.7	135.2	136.3	136.8	-0.5	733	19.0340	138,203
140	FEDERALINS	20.4	20.6	20	20.4	19.7	0.7	379	18.6080	915,103
141	AFTABAUTO	36.9	37.9	36.7	36.9	37	-0.1	756	17.6620	474,821
142	SAIHAMCOT	13.6	14	13.5	13.6	13.7	-0.1	560	17.6030	1,286,523
143	SAMORITA	63.9	65.9	63.5	63.9	65.2	-1.3	805	17.2090	267,265
144	SOUTHEASTB	8.3	8.4	8	8.3	8.1	0.2	470	17.1040	2,071,429
145	EXIMBANK	6.3	6.3	6	6.2	6.3	0	322	16.7940	2,723,124
146	CONTININS	25	25.3	24.5	25	24.4	0.6	628	16.7140	668,111
147	SALVOCHEM	23.6	24.3	23.5	23.6	24.2	-0.6	584	16.6480	698,646
148	COPPERTECH	22.7	23.4	22.3	22.7	22.8	-0.1	722	16.5750	727,105
149	ICICL	21.9	22	21.1	21.9	21.2	0.7	670	16.3750	754,094
150	EGEN	21.2	21.6	21	21.2	21.1	0.1	575	15.9750	748,522
151	GRAMEENS2	14.3	14.4	13.8	14.3	13.9	0.4	480	15.7050	1,106,718
152	KTL	11.3	11.5	11.2	11.3	11.1	0.2	575	15.4490	1,360,421
153	BPML	34.8	35.6	34.6	34.8	34.8	0	637	15.3230	436,632
154	PRAGATILIF	112.7	115.9	109.9	112.7	109.9	2.8	799	15.2570	135,689
155	STYLECRAFT	69.1	72.4	68.7	69.1	70.3	-1.2	1,101	14.9680	212,005
156	BBSCABLES	17.1	17.6	17	17	17.4	-0.3	669	14.9050	865,463
157	ANWARGALV	70.5	72.1	70.1	70.5	70.7	-0.2	785	14.8870	210,119
158	PARAMOUNT	41.8	42.2	40.6	41.8	40.5	1.3	633	14.7150	353,797
159	ARGONDENIM	17	17.2	16.5	17	16.6	0.4	301	14.4530	857,432
160	ADNTEL	74.4	75.7	74	74.4	75.2	-0.8	566	14.4050	192,069
161	FEKDIL	15.8	16	15.7	15.8	15.8	0	533	14.1800	894,909
162	GEMINISEA	151.1	157	150.5	151.1	151.7	-0.6	906	14.1190	92,295
163	BDTHAI	13.5	13.7	13.4	13.5	13.6	-0.1	494	14.0740	1,038,466
164	MLDYEING	9.7	9.8	9.6	9.7	9.7	0	365	13.9830	1,441,167
165	BNICL	41.4	42	40	41.4	40	1.4	600	13.6170	330,249
166	ACI	192.5	198.4	192	192.5	195.7	-3.2	490	13.4520	68,958
167	FARCHEM	23.7	24	22.7	23.7	22.7	1	624	13.3530	570,833
168	DOREENPWR	25.7	26.6	25.6	25.7	26.4	-0.7	601	13.3080	513,685
169	MHSML	15.4	16	15.3	15.4	15.9	-0.5	487	12.9430	829,069
170	RUPALIINS	22.5	22.5	21.5	22.3	21.6	0.9	451	12.8500	580,707
171	CAPITECGBF	7.6	7.7	7.5	7.6	7.5	0.1	389	12.8490	1,696,812
172	ABBANK	7.1	7.2	7	7.1	7.1	0	387	12.8100	1,814,597
173	BBS	11.2	11.6	11.1	11.2	11.4	-0.2	854	12.6590	1,122,546
174	SONARGAON	34	34.4	33.8	34	33.9	0.1	505	12.4400	365,175
175	APEXFOOT	222.8	225.7	221.8	222.8	223.3	-0.5	346	12.4290	55,518
176	UNIQUEHRL	40.1	40.8	39.8	40.1	40.3	-0.2	570	12.2360	304,322
177	ICBSONALI1	5.8	6	5.7	5.8	5.8	0	290	12.0030	2,061,485
178	SUMITPOWER	14.9	15.3	14.9	14.9	15	-0.1	467	11.9890	796,520
179	SICL	22.4	22.6	21.5	22.4	21.6	0.8	600	11.9750	541,074
180	SAMATALETH	67.9	72.9	67	67.9	70.3	-2.4	678	11.8340	169,947
181	ISNLTD	43.2	43.5	42.8	43.2	42.6	0.6	424	11.8280	274,243
182	SHEPHERD	18.1	18.4	17.9	18.1	18.1	0	210	11.7650	646,921
183	BATASHOE	907.3	917.7	900	907.3	914	-6.7	452	11.6480	12,874
184	PROVATIINS	32.4	32.4	30.9	32.1	31.1	1.3	521	11.6370	364,810
185	BDTHAIFOOD	14.6	14.8	14.3	14.6	14.6	0	460	11.5210	790,238
186	DESHBANDHU	19.4	20.1	19.3	19.4	19.7	-0.3	625	11.3110	578,250
187	EASTERNINS	48	48.5	45.5	48	45.4	2.6	516	11.2070	236,062
188	ADVENT	16.4	16.7	16.2	16.4	16.3	0.1	403	11.1970	679,054
189	CITYGENINS	48.6	49	47.9	48.6	47.9	0.7	301	11.0890	228,345
190	SIMTEX	15.8	16.2	15.7	15.8	16	-0.2	419	10.9540	688,844
191	PREMIERBAN	7.3	7.4	7.3	7.3	7.3	0	206	10.8940	1,487,642
192	NRBCBANK	7.4	7.5	7.1	7.4	7.2	0.2	314	10.8180	1,471,498
193	NAHEEACP	21.9	22.4	21.7	21.9	22.1	-0.2	391	10.5480	479,220
194	RELIANCINS	58.4	59.5	55.8	58.4	56.8	1.6	476	10.5090	181,152
195	MONNOFABR	14	14.3	14	14	14.1	-0.1	344	10.2320	725,273
196	ETL	8.9	9	8.8	8.9	8.8	0.1	328	10.2010	1,147,143
197	CENTRALPHL	11.8	12.2	11.7	11.8	12.1	-0.3	568	10.1740	856,503
198	SILCOPHL	15.5	15.9	15.5	15.5	15.7	-0.2	360	10.0100	642,357
199	KPPL	19.7	20.7	19.5	19.7	19.6	0.1	549	9.6220	483,394
200	PRIMELIFE	37.3	37.6	35.4	37.3	35.5	1.8	469	9.4890	259,065
201	IFADAUTOS	24.1	24.6	23.9	24	24.5	-0.4	414	9.4180	390,036
202	BSRMLTD	83.1	84	82.7	83.7	83.7	-0.6	315	9.4120	112,733
203	RAHIMTEXT	151.8	157.1	151.1	151.8	150.8	1	494	9.0420	58,900
204	QUEENSOUTH	12.8	13	12.7	12.8	12.8	0	255	8.9970	702,850
205	TOSRIFA	19.7	20.1	19.6	19.7	19.8	-0.1	274	8.9770	454,105
206	EXIM1STMF	4.7	4.9	4.6	4.7	4.7	0	171	8.9500	1,906,685
207	BARKAPOWER	11.3	11.5	11.2	11.3	11.5	-0.2	408	8.8630	781,172
208	PREMIERCEM	49.4	51	49.3	49.4	50.5	-1.1	443	8.7180	175,082
209	STANDBANKL	6.7	6.9	6.6	6.7	6.8	-0.1	232	8.6980	1,287,362
210	LIBRAINFU	792.1	804.4	780	792.1	799.5	-7.4	655	8.5240	10,709
211	AL-HAJTEX	130	133.6	129.4	130	131.9	-1.9	339	8.4490	64,599
212	JANATAINS	26.3	26.5	25.7	26.3	25.5	0.8	337	8.3140	317,522
213	GENEXIL	25	25.5	24.8	25	25.2	-0.2	325	8.2420	327,360
214	BSRMSTEEL	63.4	64.2	63	63.4	64.2	-0.8	349	8.1540	128,596
215	GLDNJMF	7.8	8	7.7	7.8	7.8	0	279	8.1420	1,038,198
216	BDLAMPS	135.2	138.5	134.6	135.2	137.8	-2.6	460	7.9860	58,527
217	DHAKAINS	37.1	37.4	36	37.1	36.1	1	365	7.7920	210,962
218	PEOPLESINS	31.8	32.3	31.4	31.8	31.2	0.6	297	7.6480	240,026
219	INDEXAGRO	67.7	68.3	66	67	67.3	0.4	326	7.6400	114,350
220	ISLAMICFIN	9	9.2	8.5	9	8.7	0.3	361	7.6170	856,613
221	BANGAS	103.1	106	102.8	103.1	104.2	-1.1	519	7.6000	73,311
222	BENGALWTL	18.7	19.4	18.6	18.7	19.1	-0.4	537	7.4760	395,859
223	DAFODILCOM	55.4	57	55	55.4	56.2	-0.8	460	7.3770	131,903
224	SQUARETEXT	49.6	49.8	49.1	49.6	49.3	0.3	302	7.2580	146,755
225	SILVAPHL	11	11.3	11	11	11.1	-0.1	227	7.2400	652,493
226	EASTLAND	19	19.3	18.7	19	18.6	0.4	235	7.2220	380,056
227	ASIAPACINS	33.3	33.7	31.3	33.3	31.1	2.2	360	7.1890	219,366
228	RUNNERAUTO	28.5	29.3	28.4	28.5	28.9	-0.4	253	7.1180	247,952
229	FIRSTSBANK	4.3	4.4	4.2	4.3	4.3	0	293	7.0560	1,634,614
230	ASIAINS	29.2	29.5	28.4	29.2	28.3	0.9	269	6.9170	237,484
231	NBL	3.8	3.8	3.7	3.8	3.7	0.1	267	6.9000	1,848,161
232	ENVOYTEX	42.4	43	42	42.4	42.6	-0.2	230	6.8890	162,457
233	BDCOM	24	24.4	24	24	24	0	249	6.7970	282,620
234	ESQUIRENIT	21.7	22	21.6	21.7	21.6	0.1	198	6.6870	307,820
235	SONALILIFE	60	62.8	57.6	59.2	60.2	-0.2	442	6.5830	111,063
236	AMBEEPHA	836.3	873.8	832	837.4	850.1	-13.8	539	6.3330	7,472
237	SONARBAINS	25.4	26.1	25	25.6	24.8	0.6	300	5.9350	231,904
238	HRTEX	26.7	27.2	26.7	26.7	26.7	0	335	5.9010	219,430
239	ABB1STMF	3.8	3.9	3.8	3.8	3.8	0	149	5.8520	1,539,098
240	BGIC	31.8	32.1	30.6	31.8	30.8	1	390	5.8290	183,630
241	FORTUNE	17	17.2	16.9	17	17.1	-0.1	445	5.7540	337,674
242	GREENDELT	49	49.3	47.3	49	47.3	1.7	335	5.6670	116,846
243	PRIMEFIN	4.8	4.8	4.5	4.8	4.4	0.4	281	5.6050	1,172,497
244	GIB	3.1	3.2	3	3.1	3.1	0	260	5.5420	1,817,038
245	IFIC1STMF	3.8	3.9	3.7	3.8	3.8	0	83	5.4060	1,422,735
246	WMSHIPYARD	8.8	9.1	8.7	8.8	9	-0.2	391	5.2170	589,412
247	POWERGRID	35.1	35.5	35	35.1	35	0.1	158	5.0900	145,178
248	AOL	15.4	15.5	15.1	15.4	15.2	0.2	131	5.0400	327,724
249	ALARABANK	17.8	18.7	17.2	17.8	17.2	0.6	216	5.0020	279,117
250	YPL	15.5	15.7	15	15.5	15	0.5	270	4.8790	317,020
251	PF1STMF	5.6	5.7	5.5	5.6	5.5	0.1	156	4.8770	874,217
252	PHPMF1	3.5	3.6	3.4	3.5	3.5	0	148	4.8540	1,386,780
253	AMANFEED	24.8	25.1	24.7	24.8	24.9	-0.1	209	4.8410	194,754
254	MATINSPINN	46.7	47.4	46.4	46.7	47.2	-0.5	253	4.7730	101,750
255	BDAUTOCA	103.1	105.9	101	103.1	104.4	-1.3	426	4.7650	45,896
256	HAMI	101.2	102	100.4	101.2	102.2	-1	283	4.6910	46,317
257	SHASHADNIM	17.8	18.2	17.7	17.8	17.8	0	179	4.6540	260,508
258	TAKAFULINS	35.3	35.5	34	35.3	34.4	0.9	152	4.6460	132,803
259	BDFINANCE	11.3	11.5	11.1	11.4	11.1	0.2	316	4.5690	401,956
260	MIRACLEIND	28.4	29.9	28.1	28.3	29	-0.6	223	4.4610	155,837
261	VAMLBDMF1	7.1	7.1	7	7.1	7.1	0	35	4.1620	586,162
262	DACCADYE	16.9	17.1	16.5	16.5	16.7	0.2	191	4.1020	246,892
263	PLFSL	2.2	2.2	2	2.2	2	0.2	221	4.0950	1,894,472
264	KPCL	11.7	11.9	11.6	11.7	11.7	0	271	4.0510	345,808
265	RELIANCE1	17.5	17.9	17.5	17.5	17.7	-0.2	155	4.0470	230,410
266	TAMIJTEX	119	123	118	119	120.4	-1.4	231	3.9590	33,150
267	AAMRANET	19.3	19.6	19.3	19.3	19.4	-0.1	249	3.8990	200,618
268	ARAMIT	196	205	195.2	196	198.1	-2.1	424	3.8380	19,309
269	AIBL1STIMF	5.8	5.8	5.7	5.8	5.7	0.1	165	3.7980	661,602
270	NAVANACNG	22.8	23.1	22.1	22.5	22.9	-0.1	185	3.7480	164,471
271	LRBDL	15	15.2	14.9	15	15.1	-0.1	191	3.7190	247,637
272	PROGRESLIF	50.2	50.7	45.9	50.2	46.1	4.1	333	3.7150	74,874
273	APEXFOODS	219.2	226.5	218.5	219.2	222.1	-2.9	295	3.5430	16,060
274	ARAMITCEM	13.4	14	12.8	13.2	13.4	0	252	3.4780	259,617
275	EBL1STMF	4.7	4.8	4.6	4.7	4.7	0	133	3.4190	727,272
276	EMERALDOIL	22.4	22.7	22.4	22.4	22.7	-0.3	207	3.3430	148,748
277	ISLAMIINS	39.5	39.9	38.1	39.5	38.1	1.4	206	3.2730	83,378
278	AGRANINS	25.3	25.6	24.8	25.3	24.8	0.5	208	3.2630	128,560
279	NITOLINS	26.4	26.5	26.2	26.4	25.8	0.6	117	3.2290	122,361
280	JMISMDL	143.9	148	143.7	143.9	146.7	-2.8	254	3.1470	21,697
281	KEYACOSMET	4.9	5	4.8	4.8	5	-0.1	175	3.0340	620,136
282	APEXTANRY	70.9	74.2	70	70.9	72.1	-1.2	246	2.9950	41,716
283	SINGERBD	118.9	121.9	117.8	118.6	121	-2.1	231	2.9520	24,809
284	SAIHAMTEX	14.1	14.4	14.1	14.1	14.1	0	196	2.9460	207,679
285	PHENIXINS	26.7	26.7	25.2	26.5	25.1	1.6	124	2.9060	111,582
286	UNITEDINS	38.1	38.4	37.1	38.1	37.2	0.9	164	2.8800	75,810
287	SAIFPOWER	7.6	7.7	7.5	7.6	7.6	0	162	2.8730	378,374
288	PHOENIXFIN	3.9	4.1	3.7	3.9	3.8	0.1	101	2.8510	723,462
289	REPUBLIC	28.1	28.3	27.2	28.1	27.3	0.8	172	2.8190	100,616
290	FAREASTFIN	3.8	3.8	3.5	3.8	3.5	0.3	118	2.6980	738,746
291	GREENDELMF	4.1	4.2	4.1	4.1	4.1	0	35	2.6450	643,630
292	SHARPIND	18.4	18.4	18.1	18.3	18.2	0.2	157	2.6380	144,276
293	GENNEXT	2.8	2.8	2.6	2.7	2.7	0.1	138	2.5870	955,942
294	NFML	10.7	11.7	10.7	10.8	11.2	-0.5	195	2.5630	235,424
295	CAPMBDBLMF	9.5	9.6	9.1	9.5	9.5	0	177	2.5610	276,155
296	UNIONCAP	5.4	5.5	5.2	5.4	5.2	0.2	124	2.5590	474,361
297	1JANATAMF	3.5	3.6	3.5	3.5	3.6	-0.1	79	2.4800	696,330
298	FASFIN	3.1	3.1	2.9	3.1	2.9	0.2	113	2.3690	794,328
299	ZAHEENSPIN	6.9	7.1	6.9	6.9	6.9	0	127	2.2450	322,805
300	DESCO	25.5	25.7	25	25.5	25.4	0.1	111	2.2130	87,061
301	MIDASFIN	8.4	8.4	7.7	8.4	7.8	0.6	185	2.1530	264,220
302	UTTARAFIN	17.4	17.4	17.4	17.4	15.9	1.5	87	2.1500	123,554
303	BAYLEASING	5.1	5.3	5	5.1	5	0.1	181	2.1240	412,644
304	DBH1STMF	6.2	6.2	6	6.2	6.1	0.1	102	2.0850	339,636
305	PRAGATIINS	50.8	52.9	50	50.8	50.5	0.3	114	2.0670	40,529
306	PRIME1ICBA	5.3	5.5	5.2	5.3	5.3	0	98	2.0600	386,523
307	FBFIF	3.6	3.7	3.5	3.6	3.6	0	67	2.0440	567,278
308	ECABLES	119.4	125	118	119.4	119.5	-0.1	196	2.0220	16,794
309	UNIONBANK	3	3.1	3	3.1	3	0	245	1.9500	645,652
310	RANFOUNDRY	153.4	154.9	153	153.4	155.6	-2.2	123	1.8650	12,117
311	NORTHRNINS	30	30.3	28.2	30	28.1	1.9	178	1.8000	60,721
312	ALIF	6	6	5.9	6	6	0	103	1.7920	301,352
313	FAREASTLIF	29	29.5	27.9	29	28.1	0.9	165	1.7720	61,783
314	GSPFINANCE	5.4	5.4	5.1	5.4	5.1	0.3	134	1.7620	334,764
315	MBL1STMF	5.1	5.1	4.8	4.9	4.9	0.2	80	1.6690	341,152
316	SIBL	8.4	8.4	8.2	8.4	8.3	0.1	143	1.6270	195,532
317	TRUSTB1MF	3.8	3.9	3.8	3.8	3.8	0	60	1.6270	428,062
318	CROWNCEMNT	50.1	51.4	49.9	50.1	50.6	-0.5	164	1.5940	31,689
319	PADMALIFE	22.5	23.4	21.9	22.5	21.8	0.7	151	1.5780	70,030
320	WATACHEM	124.2	127	123.7	124.2	124.7	-0.5	170	1.5400	12,321
321	AMCL(PRAN)	229.1	236.5	226	228	229.5	-0.4	135	1.5380	6,655
322	GHCL	20.5	21.1	20.5	20.6	20.8	-0.3	89	1.5210	73,497
323	NCCBLMF1	5.8	5.9	5.6	5.8	5.7	0.1	100	1.4870	261,108
324	ACFL	17.5	19	16.6	17.5	17.3	0.2	132	1.4790	84,663
325	ACTIVEFINE	8.9	9.2	8.9	8.9	8.9	0	85	1.4700	163,911
326	PENINSULA	11.2	11.6	11.1	11.2	11.2	0	125	1.4090	125,241
327	CAPMIBBLMF	9	9.2	9	9	9.1	-0.1	62	1.4080	154,936
328	DULAMIACOT	85.3	87.7	85	85.4	87.5	-2.2	142	1.3620	15,896
329	SEMLIBBLSF	6.9	7	6.9	6.9	7	-0.1	41	1.3530	195,682
330	PDL	6.6	6.8	6.6	6.6	6.7	-0.1	165	1.3110	197,071
331	SEMLFBSLGF	5.9	5.9	5.8	5.9	5.8	0.1	50	1.2790	218,028
332	SHURWID	7	7.6	7	7	7.2	-0.2	131	1.2620	179,314
333	VAMLRBBF	5.9	6.2	5.9	5.9	6	-0.1	44	1.2410	205,548
334	NEWLINE	7.1	7.3	7.1	7.1	7.1	0	130	1.2280	172,449
335	POPULAR1MF	3.7	3.7	3.6	3.6	3.6	0.1	45	1.2110	333,181
336	FIRSTFIN	3.4	3.4	3.1	3.4	3.1	0.3	72	1.1950	363,504
337	SSSTEEL	6	6.2	6	6	6	0	122	1.1650	192,423
338	MERCINS	26.7	27.7	26.2	26.7	26.4	0.3	70	1.1130	41,566
339	PURABIGEN	18.3	18.5	17.9	18.3	18	0.3	105	1.1090	60,608
340	EBLNRBMF	3.6	3.7	3.6	3.6	3.6	0	43	1.0720	296,258
341	LRGLOBMF1	3.9	4	3.9	3.9	3.9	0	33	1.0630	272,407
342	IFILISLMF1	5	5.1	4.9	5	5	0	58	1.0580	211,642
343	CNATEX	3.3	3.4	3.2	3.3	3.3	0	77	1.0560	320,160
344	MITHUNKNIT	15.9	15.9	15.2	15.2	15.6	0.3	63	1.0370	67,584
345	SKTRIMS	10.1	10.4	10.1	10.1	10.3	-0.2	112	0.9270	91,305
346	VFSTDL	7.1	7.4	7.1	7.1	7.2	-0.1	85	0.9200	129,007
347	AFCAGRO	8.2	8.4	8.2	8.2	8.3	-0.1	71	0.8980	108,547
348	OAL	7.7	7.9	7.7	7.7	7.7	0	88	0.8880	114,318
349	MEGHNACEM	44.2	49	43.1	44.3	45	-0.8	78	0.8810	19,957
350	MAKSONSPIN	6.2	6.2	6	6.1	6.1	0.1	71	0.8670	142,417
351	NTC	176.3	177.3	173	176.3	176.9	-0.6	63	0.8550	4,877
352	DELTASPINN	5.8	5.9	5.7	5.8	5.8	0	72	0.8520	146,851
353	ICB3RDNRB	4.9	5	4.8	4.9	4.9	0	72	0.7770	158,490
354	UNILEVERCL	2	2,525	2,480.8	2,488.3	2	-6.2	115	0.7760	312
355	RINGSHINE	3.1	3.2	3.1	3.1	3.1	0	110	0.7730	248,224
356	SAFKOSPINN	12.5	12.8	12.3	12.5	12.6	-0.1	72	0.7270	57,980
357	APOLOISPAT	3.4	3.5	3.3	3.4	3.4	0	68	0.6980	205,361
358	GBBPOWER	7.7	7.8	7.6	7.7	7.7	0	46	0.6130	79,964
359	MEGCONMILK	18	18.4	18	18	18.3	-0.3	106	0.6050	33,530
360	BIFC	6.5	6.8	6.1	6.5	6.3	0.2	58	0.5980	90,692
361	FAMILYTEX	2.4	2.4	2.3	2.4	2.3	0.1	75	0.5890	251,720
362	HWAWELLTEX	42.3	42.3	41.4	42	41.9	0.4	31	0.5840	13,934
363	AZIZPIPES	52.9	53	52.3	52.9	52.6	0.3	103	0.5830	11,068
364	AAMRATECH	13.3	13.6	13.2	13.3	13.2	0.1	80	0.5500	41,148
365	METROSPIN	11.2	11.4	11.1	11.2	11.2	0	55	0.5430	48,436
366	PRIMETEX	13.9	14.2	13	13.9	13.8	0.1	84	0.4500	32,683
367	ICBAMCL2ND	6.3	6.4	6.2	6.3	6.2	0.1	30	0.4440	70,948
368	TUNGHAI	2.7	2.8	2.5	2.7	2.6	0.1	56	0.4010	151,088
369	ILFSL	3.2	3.2	3	3.1	3.1	0.1	32	0.3860	124,050
370	SHYAMPSUG	136.8	137.7	133	136.6	136.6	0.2	28	0.3670	2,689
371	ICBEPMF1S1	5.2	5.2	5.1	5.2	5.1	0.1	18	0.3650	70,770
372	HFL	8.8	8.9	8.7	8.7	8.9	-0.1	80	0.3640	41,638
373	ICBAGRANI1	6.9	7	6.8	6.9	6.9	0	17	0.3380	49,020
374	MEGHNAPET	25	25.7	25	25.1	25.6	-0.6	47	0.3370	13,420
375	RSRMSTEEL	10.8	10.9	10.7	10.8	10.8	0	33	0.3170	29,388
376	ZEALBANGLA	86.5	87.5	86	86.5	87.5	-1	44	0.3120	3,590
377	BDWELDING	10.5	11.1	10.3	10.5	10.7	-0.2	65	0.3050	28,725
378	PREMIERLEA	3.2	3.2	3	3.2	3.1	0.1	37	0.2580	81,881
379	NORTHERN	103.6	107	103.6	103.7	105	-1.4	40	0.2270	2,188
380	ICBIBANK	2.9	2.9	2.7	2.8	2.8	0.1	62	0.2270	81,304
381	NURANI	3.1	3.2	3.1	3.1	3.2	-0.1	49	0.2250	72,453
382	TALLUSPIN	5.3	5.5	5.3	5.3	5.4	-0.1	57	0.2020	37,811
383	ALLTEX	11.6	11.7	11.5	11.6	11.5	0.1	32	0.1870	16,163
384	JUTESPINN	213.1	213.1	210	212.6	216.1	-3	37	0.1830	864
385	ZAHINTEX	4.4	4.5	4.3	4.4	4.4	0	25	0.1770	40,628
386	STANCERAM	72	72	71.8	71.8	72.5	-0.5	12	0.1470	2,051
387	REGENTTEX	3.8	3.9	3.7	3.8	3.8	0	39	0.1300	34,093
388	ANLIMAYARN	22.1	22.7	21.7	22.1	22.5	-0.4	47	0.1260	5,706
389	ATLASBANG	58	59.6	58	58.5	59	-1	18	0.1030	1,764
390	USMANIAGL	34.9	35.2	34.6	34.9	34.6	0.3	15	0.0530	1,513
391	RENWICKJA	680	708.5	680	695.5	688.9	-8.9	15	0.0350	51
392	BEXIMCO	110.1	110.1	110.1	110.1	110.1	0	1	0.0000	1
393	ATCSLGF	0	0	0	7.5	7.5	--	0	0.0000	0
394	CLICL	0	0	0	47.9	47.9	--	0	0.0000	0
395	SAVAREFR	0	0	0	215.5	215.5	--	0	0.0000	0
396	BDSERVICE	0	0	0	5.2	5.2	--	0	0.0000	0
397	BERGERPBL	0	0	0	1,594.3	1	--	0	0.0000	0
